P0: 1158.0337370751618 0.0 960.0 0.0 0.0 1158.0337370751618 540.0 0.0 0.0 0.0 1.0 0.0
P1: 1158.0337370751618 0.0 960.0 0.0 0.0 1158.0337370751618 540.0 0.0 0.0 0.0 1.0 0.0
P2: 1158.0337370751618 0.0 960.0 0.0 0.0 1158.0337370751618 540.0 0.0 0.0 0.0 1.0 0.0
P3: 1158.0337370751618 0.0 960.0 0.0 0.0 1158.0337370751618 540.0 0.0 0.0 0.0 1.0 0.0
R0_rect: 1.0 0.0 0.0 0.0 1.0 0.0 0.0 0.0 1.0
Tr_velo_to_cam: 0.0 -1.0 0.0 0.0 0.0 0.0 -1.0 -0.6119999885559 1.0 0.0 0.0 -0.167920097708702
Tr_imu_to_velo: 1.0 0.0 0.0 -0.980728924274446 0.0 1.0 0.0 0.0 0.0 0.0 1.0 -2.31200003623962
